974488695
-265608494
793751111
-537993642
-388681305
481566299
-927846581
-740346538
526306554
-863324148
288656279
-31100230
-368017087
-285590794
794049753
737216334
-2672999
-570069510
-342953819
-863508300
502768797
-503598782
12923284
265576899
915575720
41228509
183814406
933755470
-85635666
-136581733
430736624
-436176384
-904945914
575579865
541768959
-844010838
682277029
-998962253
-419596190
80419626
17648769
270835107
947070759
694227154
-333452729
-256472218
-57264486
-977414917
122108221
352599441
-671326971
444201164
534264905
-803361690
-290656539
-907331190
673458502
-558968105
-204797866
-643914535
-971102477
117962357
826796365
615377303
-907169616
476883970
-722622655
-729039250
-281195536
-255805252
804318093
116580037
569634154
-561522990
-840934108
-384911681
-663126992
202817903
-329592853
626439562
554678287
-787513420
-301999780
-479542380
389926543
-348261907
-151314324
430278588
-973520075
16274473111
131617713
689344981
-65594351
-790968620
-160902266
975471407
-8435235430
919555324
415871176
-581686746
